P_lie = [
161.7167	158.8	179.8533	172.25	174.1767	168.65	188.5667	181.31	168.61	164.16	176.5967	171.4	173.1	158.6467	172.5833	173.5233	160.7833	149.23	161.1933	160.4367	161.7167	154.26	158.4433	151.1	175.8133	172.97	155.2367	146.39	142.5933	140.8533	110.04	112.24	104.1033	101.2233
165.5233	159.89	183.6133	173.46	179.0967	167.9333	190.1333	178.5433	163.5	160.5567	186.35	180.7633	165.6633	153.46	170.2333	168.6167	177.6533	165.57	159.1733	160.0467	152.52	146.24	158.4867	151.8433	176.3567	172.6033	166.2	153.6933	144.3833	143.33	156.22	154.9067	161.6933	152.86
166.7267	163.0567	186.3667	173.85	171.5967	170.3567	190.6033	180.9233	165.2167	161.4167	183.5667	176.8133	167.25	151.8833	171.4167	169.8033	177.9	164.56	160.89	158.24	151.66	146.2367	160.8833	155.4533	178.6933	172.18	164.1833	156.79	148.7567	148.2933	149.6033	145.3867	161.5333	156.8567
173.2367	164.4167	187.7033	170.74	164.6433	164.78	198.9633	185.8133	167.64	162.2	200	192.06	168.4967	156.07	173.3167	173.1633	173.1267	161.5833	169.5933	169.44	156.5267	153.33	159.2467	153.72	173.3067	166.82	157.7167	148.3433	146.7967	147.4767	151.9067	146.5333	168.74	162.86
173.66	164.66	184.19	171.7133	164.0833	162.84	192.15	182.77	168.2	162.4433	186.0633	185.6133	170.6467	157.63	165	162.6833	177.4567	165.16	167.1533	166.6533	154.9267	152.79	160.4233	156	171.0867	167.1833	159.9633	153.3267	145.0433	142.5067	136.7233	147.9833	171.44	167.26
165.9467	164.04	185.81	169.3433	172.78	165.0233	190.9967	180.4033	173.3667	167.8633	190.8567	160.0967	168.0133	157.0567	174.2367	174.5167	181.56	168.15	169.4	169.09	157.94	154.59	158.8233	153.34	168	162.3367	159.81	152.12	141.63	141.98	157.8833	160.4133	167.7433	162.17
169.2033	160.1133	181.5333	168.15	167.09	163.6233	189.1267	178.15	175.77	166.85	192.5933	190.29	166.7867	155.3	175.4533	173.96	183.0733	168.2333	170.0267	169.29	153.9967	150.2933	163.26	156.9267	164.0933	160.9667	160.2933	152.73	138.8267	138.6433	159.8367	160.49	169.2633	161.0933];
Pkinect_lef = [P_lie(:,1),P_lie(:,3),P_lie(:,5),P_lie(:,7),P_lie(:,9),P_lie(:,11),P_lie(:,13),P_lie(:,15),P_lie(:,17),P_lie(:,19),P_lie(:,21),P_lie(:,23),P_lie(:,25),P_lie(:,27),P_lie(:,29),P_lie(:,31),P_lie(:,33)];
PWISE_lef = [P_lie(:,2),P_lie(:,4),P_lie(:,6),P_lie(:,8),P_lie(:,10),P_lie(:,12),P_lie(:,14),P_lie(:,16),P_lie(:,18),P_lie(:,20),P_lie(:,22),P_lie(:,24),P_lie(:,26),P_lie(:,28),P_lie(:,30),P_lie(:,32),P_lie(:,34)];
clearvars P_lie

P_lie = [
174.7967	175.56	178.2833	184.11	183.1367	184.4633	187.7067	193.3767	171.8967	180.3933	179.74	184.6033	119.4967	112.0133	162.01	166.54	171.51	182.98	172.91	177.2433	182.9567	176.16	182.6967	174.56	174.1633	181.1733	177.74	178.03	178.2233	178.7433	164.78	175.06	160.76	163.2067
181.2033	178.18	186.1533	184.49	182.1533	185.06	182.4467	193.61	181.2033	187.5033	180.3833	184.7267	168.29	168.7933	165.75	171.5033	175.7167	186.0833	176.1533	181.9533	177.4933	170.4467	178.02	170.31	178.62	189.8367	179.55	181.0067	167.8933	174.38	171.92	181.7967	165.75	171.5033
180.1033	182.05	184.9433	181.3333	180.5633	178.29	187.15	190.81	175.1067	182.3733	178.18	184.0733	166.0167	169.9433	164.7033	167.0667	169.98	181.1	179.6	182.7467	180.11	171.7567	178.7667	175.5167	180.41	185.3267	183.26	184.26	169.0667	171.1467	173.98	180.9667	164.7033	167.0667
191.9533	185.87	179.7367	181.3867	183.4167	184.2067	186.1867	194.65	179.43	185.22	181.11	190.2967	165.87	169.1033	164.83	167.5233	171.1667	179.43	187.3167	184.5433	183.27	177.0633	178.8067	178.4333	188.3933	193.2833	182.5567	181.2433	167.97	174.7633	179.02	189.8833	164.83	167.5233
184.5067	184.3767	176.82	178.4433	180.03	173.51	188.9333	194.0467	180.2933	184.4767	184.0867	188.72	164.7567	164.41	165.3633	167.8667	168.8233	184.3767	181.4267	182.2267	181.72	176.9467	178.0633	172.7733	182.7033	190.5033	184.26	181.4333	171.4767	175.1767	179	188.7667	165.3633	167.8667
190.9167	189.4167	181.38	182.6167	173.96	181.2567	186.0233	191.7733	179.1167	184.7533	173.7067	183.5	165.3067	166.8033	162.3633	161.8167	178.3	190.59	182.45	183.15	181.0433	172.27	181.54	179.1333	185.2833	188.73	180.0767	181.03	171.2933	174.39	174.66	188.52	162.3633	161.8167
188.9333	184.5067	183.6533	184.1267	173.9667	175.73	185.7067	194.93	177.0033	185.23	168.6133	177.6033	164.06	166.1167	163.6567	163.7367	178.8233	192.7533	184.6633	182.65	179.3167	177.3033	183.5067	180.12	184.55	193.0767	180.05	180.0067	166.0367	172.0233	171.73	186.0767	163.6567	163.7367];
Pkinect_lbd = [P_lie(:,1),P_lie(:,3),P_lie(:,5),P_lie(:,7),P_lie(:,9),P_lie(:,11),P_lie(:,13),P_lie(:,15),P_lie(:,17),P_lie(:,19),P_lie(:,21),P_lie(:,23),P_lie(:,25),P_lie(:,27),P_lie(:,29),P_lie(:,31),P_lie(:,33)];
PWISE_lbd = [P_lie(:,2),P_lie(:,4),P_lie(:,6),P_lie(:,8),P_lie(:,10),P_lie(:,12),P_lie(:,14),P_lie(:,16),P_lie(:,18),P_lie(:,20),P_lie(:,22),P_lie(:,24),P_lie(:,26),P_lie(:,28),P_lie(:,30),P_lie(:,32),P_lie(:,34)];
clearvars P_lie

P_lie = [
46.95	46.7777	57.6067	49.1128	54.4767	45.6152	49.2867	61.9226	42.21	41.8895	39.5033	40.2413	54.56	44.2993	32.7	32.6432	51.51	58.1577	51.34	48.3684	45.72	47.8424	57.8667	40.7228	37.9233	30.5356	50.49	55.3295	38.3067	34.8086	44.0933	34.0623	57.6067	49.1128
41.2933	42.1777	56.9533	49.1928	45.07	50.7019	51.5933	76.0226	43.9167	50.9362	39.11	39.4713	57.79	74.5926	39.79	51.5265	55.75	57.5544	48.9733	52.2318	40.4567	40.4057	53.2367	34.5561	53.81	55.0956	62.9633	78.2129	48.5667	50.4919	57.2533	56.159	56.9533	49.1928
52.2167	47.4711	50.38	47.6694	49.13	51.9952	49.6667	70.2393	48.2633	58.5595	38.4467	30.848	58.5267	73.3493	43.7467	43.6398	58.37	57.8677	48.5333	48.4018	48.8267	56.5457	40.13	24.9094	46.77	49.3822	58.32	68.8995	51.8433	55.1953	37.15	39.7023	57.9767	48.3628
34.5667	33.8111	68.6933	62.2128	49.6367	55.7619	54.3567	56.2926	45.78	52.5695	33.6367	38.068	72.7967	92.6093	43.62	40.7832	54.1567	57.4711	47.6567	45.8751	48.98	58.7224	62.98	53.3028	55.9167	57.4822	58.5233	69.3762	50.82	55.4853	45.6833	46.559	68.6933	62.2128
45.9467	43.5277	50.82	32.2628	46.6867	56.0652	55.3367	55.7726	44.0267	46.8162	39.22	37.4413	55.4967	64.7293	40.7433	47.4898	48.56	53.8844	44.2933	43.6351	47.2867	48.9291	62.7433	46.5661	59.2867	61.6222	59.3067	63.0929	49.03	46.2419	45.56	44.579	50.82	32.2628
35.2667	35.3911	54.3833	35.3261	50.2	63.6219	56.2667	59.8193	44.86	40.7895	48.5367	45.6813	58.45	60.086	43.6	52.1398	53.86	53.2744	43.0167	46.0984	48.0667	46.8991	58.2933	51.6094	60.6767	64.3556	54.69	65.9329	42.1433	43.0986	44.9367	47.969	54.3833	35.3261
49.9367	49.2077	39.0533	25.9628	49.69	25.9052	56.8367	68.1526	46.0333	53.5495	44.2067	44.2046	56.6067	60.5326	38.0467	37.3032	52.47	57.2777	50.8667	47.8918	47.5767	49.8591	62.9933	52.1528	37.6833	33.2522	58.15	68.5029	44.1267	38.7953	52.9933	53.4157	39.0533	25.9628];
Pkinect_lie = [P_lie(:,1),P_lie(:,3),P_lie(:,5),P_lie(:,7),P_lie(:,9),P_lie(:,11),P_lie(:,13),P_lie(:,15),P_lie(:,17),P_lie(:,19),P_lie(:,21),P_lie(:,23),P_lie(:,25),P_lie(:,27),P_lie(:,29),P_lie(:,31),P_lie(:,33)];
PWISE_lie = [P_lie(:,2),P_lie(:,4),P_lie(:,6),P_lie(:,8),P_lie(:,10),P_lie(:,12),P_lie(:,14),P_lie(:,16),P_lie(:,18),P_lie(:,20),P_lie(:,22),P_lie(:,24),P_lie(:,26),P_lie(:,28),P_lie(:,30),P_lie(:,32),P_lie(:,34)];
clearvars P_lie

