Pkinect_lef = [
161.7167	179.8533	174.1767	188.5667	168.61	176.5967	173.1	172.5833	160.7833	161.1933	161.7167	158.4433	175.8133	155.2367	142.5933	104.2433	83.4967
165.5233	183.6133	179.0967	190.1333	163.5	186.35	165.6633	170.2333	177.6533	159.1733	152.52	158.4867	176.3567	166.2	144.3833	151.5633	161.6933
166.7267	186.3667	171.5967	190.6033	165.2167	183.5667	167.25	171.4167	177.9	159.6233	151.66	160.8833	178.6933	164.1833	148.7567	149.6033	161.5333
173.2367	187.7033	164.6433	198.9633	167.64	200	168.4967	173.3167	173.1267	169.5933	156.5267	159.2467	173.3067	157.7167	146.7967	151.9067	168.74
173.66	184.19	164.0833	192.15	168.2	186.0633	170.6467	165	177.4567	167.1533	154.9267	160.4233	171.0867	159.9633	145.0433	135.04	171.44
165.9467	185.81	172.78	190.9967	173.3667	190.8567	168.0133	173.4967	181.56	169.4	157.94	158.8233	168	159.81	141.63	153.8333	167.7433
169.2033	181.5333	167.09	189.1267	175.77	192.5933	166.7867	175.4533	183.0733	170.0267	153.9967	163.26	164.0933	160.2933	138.8267	156.32	169.2633];

PWISE_lef = [
157.84	169.84	167.0967	178.5233	161.67	169.5033	157.2733	170.7267	148.9633	160.4367	153.8133	150.43	169.4033	140.9967	138.4167	112.24	101.2233
159.5767	172.64	167.1133	177.0233	159.7433	179.75	151.6867	168.6167	164.4933	159.14	145.5633	151.4867	170.5467	153.4767	138.2467	154.9067	152.86
161.2167	173.1167	170.3567	179.57	159.18	176.6833	151.1733	169.8033	164.0367	158.24	145.8167	154.8	171.6633	152.3267	144.8767	145.3867	156.5933
162.8767	170.2933	164.78	184.2933	161.22	188.2967	155.37	173.1633	161.5833	168.3667	152.7533	152.9067	164.9767	147.9133	144.1133	146.5333	162.43
164.66	170.96	162.06	180.8033	161.7633	183.1	156.6633	160.2033	164.0333	166.6533	151.01	153.89	164.3967	152.5533	142.5067	147.9833	165.6333
164.04	168.6033	163.2033	179.62	167.28	160.0967	155.3667	170.19	167.1267	169.09	153.2067	152.37	160.38	151.2433	138.63	160.4133	161.8067
160.1133	166.3833	163.6233	177.27	163.9767	187.3267	154.7767	173.96	167.4133	169.29	150.2933	156.0233	159.3133	150.6067	137.2767	160.49	161.0933];

Pkinect_lbd = [
174.7967	177.0967	181.0867	187.33	170.5733	176.2033	119.4967	160.76	171.02	170.68	182.9567	182.6967	170.49	174.54	173.08	161.4867	160.76
181.2033	182.8567	181.85	182.02	178.7133	177.41	168.29	165.47	175.4033	173.45	177.4933	178.02	174.9533	174.45	167.8933	165.68	165.47
180.1033	184.9433	179.6567	184.3867	173.5033	173.48	164.51	162.4533	167.8333	176.1933	180.11	178.7667	174.71	183.26	165.2067	166.5167	162.4533
191.9533	179.7367	179.93	184.1	175.3867	177.37	165.4233	161.01	171.1667	180.8	183.27	178.8067	181.06	182.5567	163.8567	171.2967	161.01
183.6967	172.64	180.03	185.06	176.6633	181.6267	163.8367	162.0233	168.8233	179.2167	181.72	178.0633	177.5067	179.53	166.65	172.4867	162.0233
190.9167	178.5367	173.96	185.0033	174.3567	169.9967	165.3067	157.72	176.5033	179.9967	181.0433	181.54	180.34	176.5133	165.9733	168.0267	157.72
188.9333	178.0567	171.0467	185.7067	177.0033	164.81	162.7233	158.3133	176.2633	182.3367	179.3167	183.5067	179.7033	176.1133	163.7567	168.83	158.3133];

PWISE_lbd = [
175.56	184.11	184.4633	193.3767	180.3933	184.6033	112.0133	166.54	182.98	177.2433	176.16	174.56	181.1733	178.03	178.7433	175.06	163.2067
178.18	184.49	185.06	193.61	187.5033	184.7267	168.7933	171.5033	186.0833	181.9533	167.1067	168.1067	189.8367	181.0067	174.38	181.7967	171.5033
182.05	181.3333	178.29	190.81	182.3733	184.0733	169.9433	167.0667	181.1	182.7467	171.7567	173.7933	185.3267	184.26	171.1467	180.9667	167.0667
185.87	181.3867	184.2067	194.65	185.22	190.2967	169.1033	167.5233	179.43	184.5433	177.0633	178.4333	193.2833	181.2433	174.7633	189.8833	167.5233
184.3767	178.4433	165.32	194.0467	184.4767	188.72	164.41	167.8667	184.3767	182.2267	176.9467	172.7733	190.5033	181.4333	175.1767	188.7667	167.8667
188.1067	182.6167	181.2567	191.7733	184.7533	183.5	166.8033	161.8167	190.59	183.15	172.27	175.2567	188.73	181.03	174.39	188.52	161.8167
183.2	184.1267	175.73	194.93	185.23	177.6033	166.1167	163.7367	192.7533	182.65	177.3033	176.9967	193.0767	180.0067	172.0233	186.0767	163.7367];


P_lie = [
40.02	46.7777	57.6067	48.8394	54.4767	44.5819	49.2867	61.9226	42.21	41.8895	39.5033	36.318	54.56	44.2993	32.7	32.6432	51.51	58.1577	51.34	48.3684	40.5833	47.8424	57.8667	39.5161	37.9233	30.5356	50.49	55.3295	38.3067	27.5819	44.0933	31.6123	57.6067	48.8394
41.2933	42.1777	56.9533	47.2028	41.8467	50.7019	51.5933	76.0226	43.9167	50.9362	39.11	35.118	57.69	74.5926	39.79	51.5265	53.4267	57.5544	48.9733	52.2318	40.4567	40.4057	53.2367	34.5561	53.26	55.0956	62.9633	78.2129	48.5667	45.8086	57.2533	54.5857	56.9533	47.2028
52.2167	44.8477	50.38	47.0128	44.64	51.9952	49.0733	70.2393	47.23	58.5595	38.4467	30.848	58.5233	73.3493	43.7467	39.5765	55.3167	57.8677	46.85	48.4018	48.8267	56.5457	40.13	24.4228	46.77	40.9556	58.2333	68.8995	51.8433	54.0986	37.15	34.8557	57.9767	47.0128
34.5667	24.4711	68.6933	60.5428	47.6233	55.7619	54.3567	56.2926	45.78	52.5695	33.6367	27.1913	72.7967	92.6093	43.62	40.0598	53.7733	57.4711	47.6567	44.9451	48.4267	58.7224	62.98	52.0228	55.5267	57.4822	58.5233	69.3762	47.9667	55.4853	45.6833	46.559	68.6933	60.5428
45.9467	42.0177	50.82	31.1561	46.6867	56.0652	55.3367	55.7726	44.0267	46.8162	39.22	37.4413	55.4967	64.7293	40.7433	47.4898	48.45	53.8844	44.2933	41.6618	46.06	48.9291	62.7433	43.6328	59.2867	61.6222	58.48	63.0929	49.03	46.2419	44.4567	44.579	50.82	31.1561
35.2667	35.3911	54.3833	34.9928	50.2	63.6219	56.2667	58.4926	44.86	38.5595	48.5367	43.6246	58.45	60.086	43.6	52.1398	53.86	53.2744	43.0167	46.0984	44.5933	46.8991	58.2933	46.8661	60.6767	64.3556	54.69	65.9329	42.1433	43.0986	44.9367	47.969	54.3833	34.9928
49.9367	49.2077	39.0533	24.0494	49.69	25.9052	55.8867	68.1526	46.0333	53.5495	44.2067	40.608	56.6067	60.5326	38.0467	36.6732	52.47	57.2777	50.8667	46.5784	46.1867	49.8591	62.9933	49.9861	37.6833	33.2522	58.15	68.5029	44.1267	36.3086	52.9933	53.4157	39.0533	24.0494];
Pkinect_lie = [P_lie(:,1),P_lie(:,3),P_lie(:,5),P_lie(:,7),P_lie(:,9),P_lie(:,11),P_lie(:,13),P_lie(:,15),P_lie(:,17),P_lie(:,19),P_lie(:,21),P_lie(:,23),P_lie(:,25),P_lie(:,27),P_lie(:,29),P_lie(:,31),P_lie(:,33)];
PWISE_lie = [P_lie(:,2),P_lie(:,4),P_lie(:,6),P_lie(:,8),P_lie(:,10),P_lie(:,12),P_lie(:,14),P_lie(:,16),P_lie(:,18),P_lie(:,20),P_lie(:,22),P_lie(:,24),P_lie(:,26),P_lie(:,28),P_lie(:,30),P_lie(:,32),P_lie(:,34)];
clearvars P_lie

